-1
-0.940880769
-0.770513243
-0.509041416
-0.187381315
0.156434465
0.481753674
0.75011107
0.929776486
0.99950656
0.951056516
0.790155012
0.535826795
0.218143241
-0.125333234
-0.4539905
-0.728968627
-0.917754626
-0.998026728
-0.960293686
-0.809016994
-0.562083378
-0.248689887
0.094108313
0.425779292
0.707106781
0.904827052
0.995561965
0.968583161
0.827080574
0.587785252
0.278991106
-0.06279052
-0.397147891
-0.684547106
-0.891006524
-0.992114701
-0.975916762
-0.844327926
-0.612907054
-0.309016994
0.031410759
0.368124553
0.661311865
0.87630668
0.987688341
0.982287251
0.860742027
0.63742399
0.33873792
-2.2056E-15
-0.33873792
-0.63742399
-0.860742027
-0.982287251
-0.987688341
-0.87630668
-0.661311865
-0.368124553
-0.031410759
0.309016994
0.612907054
0.844327926
0.975916762
0.992114701
0.891006524
0.684547106
0.397147891
0.06279052
-0.278991106
-0.587785252
-0.827080574
-0.968583161
-0.995561965
-0.904827052
-0.707106781
-0.425779292
-0.094108313
0.248689887
0.562083378
0.809016994
0.960293686
0.998026728
0.917754626
0.728968627
0.4539905
0.125333234
-0.218143241
-0.535826795
-0.790155012
-0.951056516
-0.99950656
-0.929776486
-0.75011107
-0.481753674
-0.156434465
0.187381315
0.509041416
0.770513243
0.940880769
1
0.940880769
0.770513243
0.509041416
0.187381315
-0.156434465
-0.481753674
-0.75011107
-0.929776486
-0.99950656
-0.951056516
-0.790155012
-0.535826795
-0.218143241
0.125333234
0.4539905
0.728968627
0.917754626
0.998026728
0.960293686
0.809016994
0.562083378
0.248689887
-0.094108313
-0.425779292
-0.707106781
-0.904827052
-0.995561965
-0.968583161
-0.827080574
-0.587785252
-0.278991106
0.06279052
0.397147891
0.684547106
0.891006524
0.992114701
0.975916762
0.844327926
0.612907054
0.309016994
-0.031410759
-0.368124553
-0.661311865
-0.87630668
-0.987688341
-0.982287251
-0.860742027
-0.63742399
-0.33873792
4.4112E-15
0.33873792
0.63742399
0.860742027
0.982287251
0.987688341
0.87630668
0.661311865
0.368124553
0.031410759
-0.309016994
-0.612907054
-0.844327926
-0.975916762
-0.992114701
-0.891006524
-0.684547106
-0.397147891
-0.06279052
0.278991106
0.587785252
0.827080574
0.968583161
0.995561965
0.904827052
0.707106781
0.425779292
0.094108313
-0.248689887
-0.562083378
-0.809016994
-0.960293686
-0.998026728
-0.917754626
-0.728968627
-0.4539905
-0.125333234
0.218143241
0.535826795
0.790155012
0.951056516
0.99950656
0.929776486
0.75011107
0.481753674
0.156434465
-0.187381315
-0.509041416
-0.770513243
-0.940880769
-1
