46294
-145485
48379
-820
-50708
6241
-164901
158045
-61249
24833
-73083
-1267
51282
178394
-30015
21789
-40343
-48093
12402
-68435
-16468
-100935
-31578
103577
-29739
125985
217388
205046
62961
247183
209190
6995
-32613
-20514
-341643
-71044
-87994
-63029
-115013
17679
231001
109518
44230
137312
163916
130395
19909
35025
-55031
29296
-72603
67970
-195184
-43932
59097
-146737
-80417
-163858
76174
-76631
14205
29329
-2845
79513
220208
-15903
336834
25192
61057
29196
-86976
-25956
-109989
-21538
-215454
-85808
-106078
2634
-111254
15280
220451
91045
145778
101320
105833
-72793
-13348
-139329
-194184
-331314
-107106
-199417
-115244
-82602
182651
-3662
106820
148401
326162
201073
21597
146038
77104
73060
144428
-80096
-102688
4098
16585
-155961
-38305
-195625
72652
172819
-69826
211605
74007
-43409
33510
2680
132079
158148
-94493
-67033
105983
-118399
-93600
-59612
-131838
-76134
30428
-222473
70498
231532
-44163
3624
6022
35829
9188
-36288
43697
172595
-155295
-147305
-127608
44912
-99143
-90918
-85496
20475
-71325
-71004
-5911
58050
14333
37572
92720
80404
22724
-67226
-72569
-114811
-237123
29449
36119
75602
-45165
-226057
-166298
37179
139236
101668
13341
115758
186172
104785
99859
-125194
-17953
49514
-151341
-54812
-188694
16271
-124989
-64414
-67670
-45606
32288
54680
201305
19243
62020
-26296
-57581
-107681
139857
-51326
-104495
-142516

0.46294
-1.45485
0.48379
-0.0082
-0.50708
0.06241
-1.64901
1.58045
-0.61249
0.24833
-0.73083
-0.01267
0.51282
1.78394
-0.30015
0.21789
-0.40343
-0.48093
0.12402
-0.68435
-0.16468
-1.00935
-0.31578
1.03577
-0.29739
1.25985
2.17388
2.05046
0.62961
2.47183
2.0919
0.06995
-0.32613
-0.20514
-3.41643
-0.71044
-0.87994
-0.63029
-1.15013
0.17679
2.31001
1.09518
0.4423
1.37312
1.63916
1.30395
0.19909
0.35025
-0.55031
0.29296
-0.72603
0.6797
-1.95184
-0.43932
0.59097
-1.46737
-0.80417
-1.63858
0.76174
-0.76631
0.14205
0.29329
-0.02845
0.79513
2.20208
-0.15903
3.36834
0.25192
0.61057
0.29196
-0.86976
-0.25956
-1.09989
-0.21538
-2.15454
-0.85808
-1.06078
0.02634
-1.11254
0.1528
2.20451
0.91045
1.45778
1.0132
1.05833
-0.72793
-0.13348
-1.39329
-1.94184
-3.31314
-1.07106
-1.99417
-1.15244
-0.82602
1.82651
-0.03662
1.0682
1.48401
3.26162
2.01073
0.21597
1.46038
0.77104
0.7306
1.44428
-0.80096
-1.02688
0.04098
0.16585
-1.55961
-0.38305
-1.95625
0.72652
1.72819
-0.69826
2.11605
0.74007
-0.43409
0.3351
0.0268
1.32079
1.58148
-0.94493
-0.67033
1.05983
-1.18399
-0.936
-0.59612
-1.31838
-0.76134
0.30428
-2.22473
0.70498
2.31532
-0.44163
0.03624
0.06022
0.35829
0.09188
-0.36288
0.43697
1.72595
-1.55295
-1.47305
-1.27608
0.44912
-0.99143
-0.90918
-0.85496
0.20475
-0.71325
-0.71004
-0.05911
0.5805
0.14333
0.37572
0.9272
0.80404
0.22724
-0.67226
-0.72569
-1.14811
-2.37123
0.29449
0.36119
0.75602
-0.45165
-2.26057
-1.66298
0.37179
1.39236
1.01668
0.13341
1.15758
1.86172
1.04785
0.99859
-1.25194
-0.17953
0.49514
-1.51341
-0.54812
-1.88694
0.16271
-1.24989
-0.64414
-0.6767
-0.45606
0.32288
0.5468
2.01305
0.19243
0.6202
-0.26296
-0.57581
-1.07681
1.39857
-0.51326
-1.04495
-1.42516
